6
    0.20203           0 3.24353e-16
          0           0           0
          1           0    -0.79797

  0.0189404           0 4.36629e-17
          1           0           0
          0           0  -0.0748096

 0.00479533           0 3.89847e-18
          0           0           0
          0           1  -0.0189404

0.000449562           0 8.28426e-19
          0           1           0
          0           0 -0.00177566

      -0        0        0
       0        0        1
       0        0 -0.09375

  -0.0237357            1 -3.74254e-17
           0            0            0
           0            0           -0

